00000000000000000000001
0000000000000000000001
00000000000000000000011
00000000000000001000001
00000000000000001
0000000000000000100001
00000000000000001000011
000000000000001
00000000000000100000001
0000000000000010000001
01
01000000000000000000001
0100000000000000000001
01000000000000000000011
01000000000000001
01000000000000001000001
0100000000000000100001
01000000000000001000011
11
11000000000000000000001
1100000000000000000001
11000000000000000000011
11000000000000001
11000000000000001000001
1100000000000000100001
11000000000000001000011
1
00000100000001100000011
000001
00000100000000000000001
0000010000000000000001
00000100000000000000011
00000100000000001
010001
01000100000000000000001
110001
00000100000001000000011
100001
0100010000000000000001
11000100000000001000011
00000010000000001000011
00000010000000101000001
0000001
11000010000001
00000010000000000000001
0000001000000000000001
00000010000000000000011
0100001
01000010000000000000001
110000100000001
1100001
01000010000000000000011
1100001000000000000001
10000100000001000000001
1100010000000010100001
10000000000000001
0000011
00000110000000000000001
0000011000000000000001
00000110000000000000011
00000110000000001
00000110000000001000001
0000011000000000100001
0000011000000110000001
00000110000001100000011
1100011
1100011000000000100001
1100011000000110100001
11000110000001101
0100010000000100000001
01000100000001000000011
10000100000001001
010000100000001
01000010000000100000001
00000100000000001000001
0000010000000000100001
00000100000000001000011
01000100000001001000011
1000011000000110000001
10000100000000000000001
1000010000000000000001
10000100000000000000011
10000100000000001
10000100000000001000001
01000100000000000000011
01000100000000001
01000100000000001000001
0100010000000000100001
01000100000000001000011
11000100000000000000001
1100010000000000000001
11000100000000000000011
11000100000000001
1100010000000000100001
11000100000000001000001
01000110000000100000011
11000100000001001
0100011000000110000001
01000110000001100000011
01000110000000000000001
01000010000000101
01000010000000101000001
0100001000000010100001
01000010000000101000011
0100001001
1100011000000110000001
1000000000000000000001
0000001001000000100001
10000110010001000000001
11000010000000101000001
1100001001000000000001
10000010010000001
10000010010000001000001
1000001001000000100001
01000110010001000000011
000000001000011
00000000000001
010000001000011
110000001000011
00000000000001000000001
0000000000000100000001
00000000000001000000011
00000000000001001
00000000000001001000001
0000000000000100100001
00000000000001001000011
10000000000001
10000000000001000000001
01000000000001
01000000000001000000001
0100000000000100000001
01000000000001000000011
01000000000001001
01000000000001001000001
0100000000000100100001
11000000000001
11000000000001000000001
1100000000000100000001
11000000000001000000011
11000000000001001
11000000000001001000001
01000010010000001000001
10000000000000000000001
10000100010001101000001
000001001
10000100100001
100001001000011
000001001000001
110001001000011
00000100100001
000001001000011
010001001
010001001000001
01000100100001
010001001000011
110001001
110001001000001
00000000010001101000011
000000101
100000101000011
100000101000001
00000010000000001000001
0000001000000000100001
000000101000001
110000101000001
010000101000011
010000101000001
00000010000000001
10000010000000001
1000001
10000010000000000000001
0100001000000000000001
01000010000000001
01000010000000001000001
0100001000000000100001
01000010000000001000011
11000010000000000000011
11000010000000000000001
1100001000000000100001
11000010000000001000011
11000010000000001
11000010000000001000001
110000101000011
10000000000000000000011
0100010001000110100001
10000100010001101000011
000001101
100001101
100001101000001
000001101000001
00000110100001
110001101000011
000001101000011
010001101
010001101000001
01000110100001
010001101000011
110001101
110001101000001
000000000100011
00000010000001000000011
110000001
1000000001000110000001
0000010000000100000001
00000100000001001
00000100000001001000001
0000010000000100100001
00000100000001
1000010000000100000001
10000100000001001000011
00000100000001001000011
10000100000001001000001
00000100000001000000001
01000100000001001000001
0100010000000100100001
10000100000001000000011
10000100000001
1000010000000100100001
11000100000001001000001
01000100000001001
01000100000001
01000100000001000000001
11000100000001
1100010000000100100001
11000100000001001000011
11000100000001000000001
1100010000000100000001
11000100000001000000011
10000000010001101000001
1000000001000110100001
100000001000011
0100000001000110100001
01000000010001101000011
00000110000000001000011
0100011000000000100001
01000110000000001000011
10000110000000000000001
1000011000000000000001
10000110000000000000011
10000110000000001
10000110000000001000001
0100011000000000000001
1000011000000000100001
10000110000000001000011
01000110000000000000011
1000011
1100011000000000000001
11000110000000000000011
01000110000000001
01000110000000001000001
0100011
100001101000011
11000110000000001000011
11000110000000001000001
11000110000000000000001
11000110000000001
0000000001
00000000000000100000011
0100000001
1000000001
10000000010000000000001
00000000010000000000001
100000000000001
10000000000000100000001
1000000000000010000001
10000000000000100000011
00000000000000101
01000000000000100000011
010000000000001
01000000000000100000001
0100000000000010000001
01000000000000101
1100000000000010000001
0000000001000000000001
00000000010000000000011
11000000000000100000001
01000000000000101000001
00000000010000001
1000000001000000000001
10000000010000000000011
00000000010000001000001
0000000001000000100001
00000000010000001000011
01000000010000000000001
0100000001000000000001
01000000010000000000011
10000000010000001
01000000010000001
0000010001
00000100010000000000001
0000010001000000000001
0100010001
01000100010000000000001
11000100010000101
11000100010000101000001
1100010001000010100001
11000100010000101000011
1100010001
1000010001000110100001
01000100010001101
11000100010001101
0000001001000110100001
00000010010001
01000010010001101000011
1100001001000110000001
01000010010001101000001
0100001001000110100001
11000010010001101
0000001001000000000001
00000010010000000000001
11000010010001100000011
1000001001
01000010010000001000011
11000010010000000000011
01000010000001
01000010000001000000001
0100001000000100000001
01000010000001000000011
01000010000001001
01000010000001001000001
0100001000000100100001
01000010000001001000011
11000010000001000000001
00000000000000101000001
0000000000000010100001
00000000000000101000011
1100001000000100000001
11000010000001000000011
1100001000000100100001
100001000000011
10000000000000001000001
00000110010001101000001
1000011001000100000001
10000110010001000000011
00000110010001
01000110010001001
10000110010001001
00000110010001000000001
0000011001000100000001
00000110010001101000011
00000110010001000000011
01000110010001101
0100011001000110100001
11000110010001001000001
10000000000000101
10000000000000101000001
1000000000000010100001
10000000000000101000011
0100010000000110000001
01000100000001100000011
10000010000001001
0000010000000110100001
00000100010001000000001
0000010001000100000001
00000100010001000000011
0100000000000010100001
01000000000000101000011
1000000000000000100001
10000100010001
10000000000000001000011
1100000001
000001000000001
00000100000000100000001
0000010000000010000001
00000100000000100000011
00000100000000101
00000100000000101000001
0000010000000010100001
00000100000000101000011
100001000000001
10000100000000100000001
1000010000000010000001
010001000000001
01000100000000100000001
0100010000000010000001
01000100000000100000011
01000100000000101
00000100010000000000011
00000100010000001
00000100010000001000001
01000100000000101000001
0000010001000000100001
00000100010000001000011
10000000010000001000001
1000010001
10000100010000000000001
01000100000001101
0100010001000000000001
01000100010000000000011
01000100010000001
01000100010000001000001
0100010001000000100001
01000100010000001000011
11000100010000000000001
1100010001000000000001
11000100010000000000011
11000100010000001
11000100010000001000001
1100010001000000100001
01000000010000001000001
0100000001000000100001
01000000010000001000011
0000010001000100100001
00000100010001001000011
11000100000001101000011
11000000010000001
11000000010000001000001
1100000001000000100001
00000110000001
00000110000001000000001
0000011000000100000001
00000110000001000000011
00000110000001001
00000110000001001000001
0000011000000100100001
00000110000001001000011
10000110000001
10000110000001000000001
01000110000001
01000110000001000000001
0100011000000100000001
01000110000001000000011
01000110000001001
01000110000001001000001
0100011000000100100001
01000110000001001000011
11000110000001
11000110000001000000001
1100011000000100000001
11000110000001000000011
11000110000001001
11000110000001001000001
1100011000000100100001
10000010000001001000001
000000000000011
00000000000001100000001
0000000000000110000001
00000000000001100000011
00000000000001101
00000000000001101000001
0000000000000110100001
00000000000001101000011
100000000000011
10000000000001100000001
01000000000001100000011
0100000000000110000001
010000000000011
01000000000001100000001
01000000000001101
01000000000001101000001
00000000010001001
00000000010001001000001
0000000001000100100001
00000000010001001000011
00000000010001
00000000010001000000001
0000000001000100000001
00000000010001000000011
10000000010001
10000000010001000000001
01000000010001
01000000010001000000001
0100000001000100000001
01000000010001000000011
01000000010001001
01000000010001001000001
0100000001000100100001
01000000010001001000011
11000000010001
11000000010001000000001
1100000001000100000001
11000000010001000000011
11000000010001001
11000000010001001000001
1100000001000100100001
10000010000001001000011
00000010000000101
0000001000000010100001
00000010000000101000011
000000100000001
00000010000000100000001
100000100000001
10000010000000100000001
1000001000000010000001
10000010000000101000011
10000010000000100000011
10000010000000101
10000010000000101000001
1000001000000010100001
0100001000000010000001
01000010000000100000011
1100001000000010100001
0000001001
00000010010000000000011
00000010010000001
00000010010000001000001
11000010000000101000011
10000010010000000000001
11000010000000101
10000010010000001000011
00000010000001
00000010010000001000011
01000010010000000000001
1000001001000000000001
0000001000000100000001
10000010010000000000011
00000010000001000000001
11000010010000001
0100001001000000100001
01000010010000000000011
0100001001000000000001
01000010010000001
11000010010000001000001
1100001001000000100001
11000010010000001000011
1100001001
11000010010000000000001
10000010000001
10000010000001000000001
1000001000000100000001
10000010000001000000011
1000010000000000100001
10000100000000001000011
1100001000000010000001
00000010000001001
00000010000001001000001
0000001000000100100001
00000010000001001000011
100001100000001
10000110000000100000001
00000100000001101000011
000001000000011
0000010000000110000001
00000100000001101
00000100000001101000001
10000100000001100000001
1000010000000110000001
1000010000000110100001
10000100000001101000011
10000100000001100000011
010001000000011
0100010000000110100001
10000100000001101
10000100000001101000001
01000100000001100000001
110001000000011
00000100010001
11000100000001100000001
1100010000000110000001
11000100000001100000011
00000100010001001000001
11000100000001101
11000100000001101000001
1100010000000110100001
1000010001000100100001
10000100010001001000011
1000010001000100000001
10000100010001000000011
10000100010001000000001
10000100010001001
10000100010001001000001
01000100010001001
01000100010001001000001
0100010001000100100001
01000100010001001000011
01000100010001
11000100010001001000011
11000100010001
11000100010001000000001
1100010001000100000001
11000100010001000000011
0000011000000010100001
00000110000000101000011
00000100000001100000001
11000010000000100000001
11000010000001001
00000110000000100000001
0000011000000010000001
110000000000001
00000110000000100000011
00000110000000101
10000110000000101000001
1000011000000010100001
000001100000001
00000110000000101000001
10000110000000101000011
1000011000000010000001
10000110000000100000011
010001100000001
0100011000000010000001
10000110000000101
110001100000001
00000110010000000000001
11000110000000100000001
1100011000000010000001
11000110000000100000011
11000010000001001000001
1000011001
10000110010000000000001
0000011001
0000011001000000000001
00000110010000000000011
10000110010000000000011
01000110000000101
0100011001
01000110010000000000001
1000011001000000000001
1100011001
0100011001000000000001
01000110010000000000011
01000110010000001
01000110010000001000001
00000110010000001
00000110010000001000001
0000011001000000100001
00000110010000001000011
11000110010000000000001
11000110000000101000011
1100011001000000000001
11000110010000000000011
11000110000000101
000000000100001
00000000010000101
00000000010000100000001
0100011000000010100001
0000000001000010000001
00000000010000100000011
00000000010000101000001
100000000100001
10000000010000100000001
1000000001000010000001
010000000100001
01000000010000100000001
11000000010000101
0100000001000010000001
01000000010000100000011
1100000001000010100001
11000000010000101000001
11000000010000101000011
10000110010000001
10000110010000001000001
110000000100001
11000000010000100000001
11000010000001001000011
0100011001000000100001
01000110010000001000011
000000100000011
00000010000001100000001
0000001000000110000001
00000010000001100000011
00000010000001101
00000010000001101000001
0000001000000110100001
00000010000001101000011
100000100000011
10000010000001100000001
010000100000011
01000010000001100000001
0100001000000110000001
11000110010000001
11000110010000001000001
11000010000001100000001
1100011001000000100001
00000010010001000000001
0000001001000100000001
00000010010001000000011
01000110000000101000001
11000110010000001000011
00000010010001001
00000010010001001000001
0000001001000100100001
00000010010001001000011
10000010010001
10000010010001000000001
1000001001000100000001
10000010010001000000011
10000010010001001
01000010010001
01000010010001000000001
0100001001000100000001
01000010010001000000011
01000010010001001
11000010010001
11000010010001000000001
1100001001000100000001
11000010010001000000011
11000010010001001
10000000010000100000011
11000010000000100000011
1100011000000010100001
000001000100011
00000100010001100000011
01000110000000101000011
0000000001000010100001
00000000010000101000011
11000000000000100000011
1100000001000010000001
11000000010000100000011
000001000100001
00000100010000100000001
0000010001000010000001
00000100010000100000011
00000100010000101
00000100010000101000001
0000010001000010100001
00000100010000101000011
100001000100001
10000100010000100000001
010001000100001
01000100010000100000001
0100010001000010000001
01000100010000100000011
01000100010000101
01000100010000101000001
0100010001000010100001
01000100010000101000011
10000000010000101
10000000010000101000001
1000000001000010100001
10000000010000101000011
110001000100001
11000100010000100000001
11000110000000101000001
00000100010001101
00000100010001101000001
01000000010000101
01000000010000101000001
1000011001000000100001
0100000001000010100001
01000000010000101000011
00000110000001100000001
00000110000001101
00000110000001101000001
0000011000000110100001
00000110000001101000011
10000110000001100000011
10000110000001101
10000110000001101000001
000001100000011
1000011000000110100001
01000110000001101000011
10000110000001100000001
10000110000001101000011
01000110000001101
100001100000011
11000110000001100000011
010001100000011
01000110000001101000001
01000110000001100000001
0100011000000110100001
11000110000001101000001
11000110000001101000011
110001100000011
10000110010001001000001
11000110000001100000001
1000011001000100100001
01000110010001001000001
0100011001000100100001
01000110010001001000011
10000110010001001000011
10000110010001
1100011001000100100001
11000110010001001000011
01000110010001
01000110010001000000001
0100011001000100000001
11000110010001
11000110010001000000001
1100011001000100000001
11000110010001000000011
11000110010001001
000000001
100000001
00000000010001100000001
00000000010001101
0000000001000110000001
00000000010001100000011
0000000001000110100001
10000000010001100000011
10000000010001101000011
00000000010001101000001
100000000100011
10000000010001100000001
010000000100011
01000000010001100000001
0100000001000110000001
10000000010001101
01000000010001100000011
1100000001000110100001
11000000010001101000001
11000000010001101000011
01000000010001101
01000000010001101000001
110000000100011
11000000010001100000001
1100000001000110000001
11000000010001100000011
11000000010001101
1000000000000100000001
10000000000001000000011
00000010000000100000011
11000000000000101
11000010000001100000011
00000110010001001
10000010000001101000001
0000001000000010000001
00000010010000100000001
10000100000000100000011
0000001001000010000001
00000010010000100000011
00000010010000101
10000010010000100000001
1000001001000010000001
10000010010000100000011
10000110010000001000011
00000010010000101000001
01000010010000101000011
0100001001000010100001
01000010010000101
01000010010000101000001
100000100100001
1100001001000010100001
11000010010000101000011
110000100100001
010000100100001
01000010010000100000001
11000010010000100000001
1100001001000010000001
11000010010000100000011
11000010010000101
11000010010000101000001
1100000001000000000001
10000000000001001
10000000000001001000001
1000000000000100100001
10000000000001001000011
1100000000000010100001
000000100100001
01000000000001001000011
1000001000000110000001
10000010000001100000011
0000011001000100100001
110001000000001
11000100000000100000001
1100010000000010000001
11000100000000100000011
10000010000001101000011
10000100000000101
10000100000000101000001
1000010000000010100001
10000100000000101000011
1000010001000000000001
1100000000000100100001
10000100010000000000011
01000010000001100000011
1000001000000100100001
11000000000001001000011
11000000010000000000001
11000000000000101000001
0100010000000010100001
01000100000000101000011
100001001
1000000001000000100001
0000010001000110000001
110000100000011
00000100010001100000001
0000010001000110100001
00000100010001101000011
10000100010001101
100001000100011
10000100010001100000001
1000010001000110000001
10000100010001100000011
010001000100011
01000100010001100000001
0100010001000110000001
01000100010001101000011
01000100010001101000001
11000100010001101000011
11000100010001101000001
10000010000001101
01000100010001100000011
110001000100011
11000100010001100000001
1100010001000110000001
11000100010001100000011
1100010001000110100001
1000001000000110100001
11000100000000101000011
0100010001000100000001
00000110010001001000001
11000100000000101
11000100000000101000001
00000100010001001
10000100010000001
10000100010000001000001
1000010001000000100001
10000100010000001000011
01000010000001101
01000010000001101000001
0100001000000110100001
01000010000001101000011
11000000010000000000011
11000000000000101000011
11000010000001101
00000110010000101
00000110010000101000001
0000011001000010100001
00000110010000101000011
00000110010000100000001
0000011001000010000001
00000110010000100000011
000001100100001
100001100100001
10000110010000100000001
1000011001000010000001
10000110010000100000011
10000110010000101
010001100100001
01000110010000100000001
11000110010000101000011
0100011001000010000001
11000110010000101000001
01000110010000100000011
11000100010000001000011
1100011001000010100001
00000110010001001000011
01000100010001000000001
1100001000000110100001
01000100000001101000001
00000000100001
10000000100001
01000000100001
11000000100001
01000010010001001000001
0100001001000100100001
01000010010001001000011
110001100100001
11000110010000100000001
1100011001000010000001
11000110010000100000011
10000000010000001000011
10000110010000101000001
1000011001000010100001
10000110010000101000011
11000010010001001000001
1100001001000100100001
11000010010001001000011
11000010000001101000001
01000110010000101
01000110010000101000001
1000001001000100100001
0100011001000010100001
01000100010001000000011
01000110010000101000011
01000100000001101000011
100000101
00000010010001101000001
00000010010001101000011
000000100100011
00000010010001100000001
0000001001000110000001
10000010010001101
10000010010001101000001
1000001001000110100001
10000010010001101000011
00000010010001100000011
100000100100011
10000010010001100000001
1000001001000110000001
010000100100011
01000010010001100000001
0100001001000110000001
01000010010001100000011
01000010010001101
11000010010001101000001
1100001001000110100001
11000010010001101000011
110000100100011
1000001000000000000001
10000010000000000000011
11000010010001100000001
11000010000001101000011
10000010010001001000001
000000101000011
1000011000000100000001
10000110000001000000011
10000010000000001000001
1000001000000000100001
0100001001000010000001
10000010000000001000011
11000100100001
10000010010001001000011
10000110000001001
10000110000001001000001
1000011000000100100001
10000110000001001000011
010000001
0000001001000010100001
0000011001000110000001
00000110010001100000011
000001100100011
00000110010001100000001
00000110010001101
100001100100011
10000110010001100000001
1000011001000110000001
10000110010001100000011
10000110010001101
10000110010001101000001
1000011001000110100001
10000110010001101000011
01000110010001101000001
01000110010001101000011
01000110010001100000011
1100011001000110000001
010001100100011
11000110010001100000011
11000110010001101
11000110010001101000001
1100011001000110100001
11000110010001101000011
110001100100011
11000110010001100000001
11000110000001001000011
000000001000001
100000001000001
010000001000001
110000001000001
11000000010000001000011
01000010010000100000011
10000010010000101
1000000000000110000001
10000000000001100000011
11000100010001001
00000010100001
10000010100001
01000010100001
11000010100001
01000110000000100000001
110000000000011
11000000000001100000001
1100000000000110000001
11000000000001100000011
1000001001000010100001
00000010010000101000011
10000000000001101
10000000000001101000001
1000000000000110100001
10000000000001101000011
1000000001000100000001
10000000010001000000011
1100010001000100100001
0100011001000110000001
0100000000000110100001
01000000000001101000011
1000010001000010000001
10000100010000100000011
11000000000001101
11000000000001101000001
1100000000000110100001
11000000000001101000011
010000101
100001001000001
10000010010000101000001
10000000010001001
10000000010001001000001
1000000001000100100001
10000000010001001000011
1100001000000110000001
110000101
11000100010001001000001
01000110010001100000001
10000010010001100000011
0000011001000110100001
1100010001000010000001
11000100010000100000011
11000110010000101
10000100010000101
10000100010000101000001
1000010001000010100001
10000100010000101000011
11000000010001001000011
10000010010000101000011
10000110100001
00000010010001101
11000110100001
