1010000000000000000100000000000000000000000
1010000000000000000110000001000000000010000
1010000000010000000110000101000000000010000

1010000000000000000100000000000000000000000
1010000000000000000110000001000000000010000
1010000000010000000110000101000000000010000
1010001010010000000110000101000010000010000

1010000000000000000100000000000000000000000
1010000000000000000110000001000000000010000
1010000000010000000110000101000000000010000
1010001010010000000110000101000010000010000

1010000000000000000100000000000000000000000
1010000000000000000110000001000000000010000
1010000000010000000110000101000000000010000
1010001010010000000110000101000010000010000

1010000000000000000100000000000000000000000
1010000000000000000110000001000000000010000
1010000000010000000110000101000000000010000
1010001010010000000110000101000010000010000
